{
 "cells": [
  {
   "cell_type": "code",
   "execution_count": null,
   "id": "55131d63",
   "metadata": {},
   "outputs": [],
   "source": [
    "#Лабораторная работа №1\n",
    "##Выполнил студент группы БСТ2001 Любимов Игнат Сергеевич\n",
    "###Задание №1"
   ]
  },
  {
   "cell_type": "code",
   "execution_count": 2,
   "id": "6e62bbb4",
   "metadata": {},
   "outputs": [
    {
     "name": "stdout",
     "output_type": "stream",
     "text": [
      "Hello, World!\n"
     ]
    }
   ],
   "source": [
    "print(\"Hello, World!\")"
   ]
  },
  {
   "cell_type": "code",
   "execution_count": 7,
   "id": "73f58e81",
   "metadata": {},
   "outputs": [
    {
     "name": "stdout",
     "output_type": "stream",
     "text": [
      "m = 3\n",
      "n = 3\n",
      "min_limit = 2\n",
      "max_limit = 44\n",
      "Matrix:\n",
      "[4, 31, 39]\n",
      "[36, 18, 42]\n",
      "[39, 26, 8]\n"
     ]
    }
   ],
   "source": [
    "###Задание №2\n",
    "\n",
    "import math\n",
    "import random\n",
    "\n",
    "m = input('m = ')\n",
    "n = input('n = ')\n",
    "m = int(m)\n",
    "n = int(n)\n",
    "if m <= 0:\n",
    "    m = 50\n",
    "if n <= 0:\n",
    "    n = 50\n",
    "\n",
    "min_limit = input('min_limit = ')\n",
    "max_limit = input('max_limit = ')\n",
    "min_limit = int(min_limit)\n",
    "max_limit = int(max_limit)\n",
    "if min_limit == 0:\n",
    "    min_limit = -250\n",
    "if max_limit == 0:\n",
    "    max_limit = 1000+15\n",
    "if min_limit > max_limit:\n",
    "    min_limit = -250\n",
    "    max_limit = 1000 + 6\n",
    "\n",
    "Matrix = [[random.randint(min_limit, max_limit) for j in range(n)] for i in range(m)]\n",
    "print('Matrix:')\n",
    "for i in range(m):\n",
    "    print(Matrix[i])"
   ]
  },
  {
   "cell_type": "code",
   "execution_count": 56,
   "id": "01ceb09b",
   "metadata": {},
   "outputs": [
    {
     "name": "stdout",
     "output_type": "stream",
     "text": [
      "m = 20\n",
      "n = 20\n",
      "min_limit = 3\n",
      "max_limit = 999\n",
      "Matrix:\n",
      "[899, 579, 700, 487, 675, 859, 192, 117, 82, 319, 223, 970, 610, 444, 663, 214, 931, 549, 935, 701]\n",
      "[656, 855, 639, 557, 197, 828, 833, 422, 51, 169, 758, 475, 76, 246, 258, 433, 210, 458, 264, 998]\n",
      "[338, 467, 65, 875, 452, 562, 887, 899, 141, 719, 877, 186, 890, 560, 821, 152, 296, 791, 238, 230]\n",
      "[147, 978, 46, 6, 401, 735, 552, 709, 655, 30, 737, 166, 168, 227, 853, 135, 44, 663, 216, 928]\n",
      "[720, 937, 91, 141, 915, 45, 4, 297, 749, 391, 22, 663, 636, 362, 936, 905, 892, 35, 47, 223]\n",
      "[129, 955, 802, 647, 579, 340, 236, 891, 826, 857, 491, 962, 480, 586, 904, 555, 619, 439, 556, 739]\n",
      "[547, 247, 322, 928, 342, 131, 364, 538, 109, 662, 484, 963, 788, 711, 463, 563, 342, 133, 205, 993]\n",
      "[279, 512, 930, 754, 417, 119, 35, 494, 125, 615, 984, 165, 790, 655, 34, 707, 330, 549, 633, 231]\n",
      "[596, 217, 845, 745, 528, 579, 879, 435, 219, 951, 102, 330, 921, 789, 585, 194, 863, 637, 579, 300]\n",
      "[58, 76, 595, 366, 579, 777, 347, 799, 355, 676, 852, 610, 555, 889, 919, 721, 15, 542, 666, 480]\n",
      "[887, 904, 835, 68, 239, 199, 689, 830, 109, 17, 730, 118, 3, 906, 769, 335, 739, 297, 440, 116]\n",
      "[137, 802, 29, 433, 873, 117, 167, 657, 837, 756, 841, 551, 172, 988, 796, 85, 922, 626, 947, 181]\n",
      "[141, 239, 108, 891, 842, 503, 24, 874, 592, 130, 986, 787, 292, 320, 335, 920, 747, 993, 645, 624]\n",
      "[791, 519, 765, 217, 589, 979, 113, 719, 385, 479, 994, 29, 738, 277, 396, 621, 861, 674, 777, 917]\n",
      "[601, 477, 121, 557, 548, 218, 912, 828, 910, 78, 998, 466, 70, 116, 944, 883, 729, 635, 935, 459]\n",
      "[36, 98, 938, 85, 16, 65, 779, 339, 943, 388, 762, 815, 815, 176, 534, 155, 231, 532, 414, 445]\n",
      "[354, 639, 266, 724, 429, 31, 796, 337, 585, 514, 394, 232, 564, 245, 359, 711, 9, 193, 216, 806]\n",
      "[516, 202, 43, 365, 889, 532, 461, 759, 838, 886, 662, 852, 956, 774, 867, 900, 920, 136, 773, 525]\n",
      "[268, 915, 692, 999, 606, 58, 779, 413, 946, 630, 282, 826, 677, 780, 209, 21, 542, 750, 839, 604]\n",
      "[575, 670, 274, 816, 975, 684, 464, 185, 850, 320, 827, 344, 238, 911, 341, 171, 598, 519, 223, 104]\n",
      "\n",
      "sort_viborom\n",
      "[82, 117, 192, 214, 223, 319, 444, 487, 549, 579, 610, 663, 675, 700, 701, 859, 899, 931, 935, 970]\n",
      "[51, 76, 169, 197, 210, 246, 258, 264, 422, 433, 458, 475, 557, 639, 656, 758, 828, 833, 855, 998]\n",
      "[65, 141, 152, 186, 230, 238, 296, 338, 452, 467, 560, 562, 719, 791, 821, 875, 877, 887, 890, 899]\n",
      "[6, 30, 44, 46, 135, 147, 166, 168, 216, 227, 401, 552, 655, 663, 709, 735, 737, 853, 928, 978]\n",
      "[4, 22, 35, 45, 47, 91, 141, 223, 297, 362, 391, 636, 663, 720, 749, 892, 905, 915, 936, 937]\n",
      "[129, 236, 340, 439, 480, 491, 555, 556, 579, 586, 619, 647, 739, 802, 826, 857, 891, 904, 955, 962]\n",
      "[109, 131, 133, 205, 247, 322, 342, 342, 364, 463, 484, 538, 547, 563, 662, 711, 788, 928, 963, 993]\n",
      "[34, 35, 119, 125, 165, 231, 279, 330, 417, 494, 512, 549, 615, 633, 655, 707, 754, 790, 930, 984]\n",
      "[102, 194, 217, 219, 300, 330, 435, 528, 579, 579, 585, 596, 637, 745, 789, 845, 863, 879, 921, 951]\n",
      "[15, 58, 76, 347, 355, 366, 480, 542, 555, 579, 595, 610, 666, 676, 721, 777, 799, 852, 889, 919]\n",
      "[3, 17, 68, 109, 116, 118, 199, 239, 297, 335, 440, 689, 730, 739, 769, 830, 835, 887, 904, 906]\n",
      "[29, 85, 117, 137, 167, 172, 181, 433, 551, 626, 657, 756, 796, 802, 837, 841, 873, 922, 947, 988]\n",
      "[24, 108, 130, 141, 239, 292, 320, 335, 503, 592, 624, 645, 747, 787, 842, 874, 891, 920, 986, 993]\n",
      "[29, 113, 217, 277, 385, 396, 479, 519, 589, 621, 674, 719, 738, 765, 777, 791, 861, 917, 979, 994]\n",
      "[70, 78, 116, 121, 218, 459, 466, 477, 548, 557, 601, 635, 729, 828, 883, 910, 912, 935, 944, 998]\n",
      "[16, 36, 65, 85, 98, 155, 176, 231, 339, 388, 414, 445, 532, 534, 762, 779, 815, 815, 938, 943]\n",
      "[9, 31, 193, 216, 232, 245, 266, 337, 354, 359, 394, 429, 514, 564, 585, 639, 711, 724, 796, 806]\n",
      "[43, 136, 202, 365, 461, 516, 525, 532, 662, 759, 773, 774, 838, 852, 867, 886, 889, 900, 920, 956]\n",
      "[21, 58, 209, 268, 282, 413, 542, 604, 606, 630, 677, 692, 750, 779, 780, 826, 839, 915, 946, 999]\n",
      "[104, 171, 185, 223, 238, 274, 320, 341, 344, 464, 519, 575, 598, 670, 684, 816, 827, 850, 911, 975]\n",
      "\n",
      "0.0019943714141845703 секунд\n",
      "\n",
      "sort_vstavkoy:\n",
      "[82, 117, 192, 214, 223, 319, 444, 487, 549, 579, 610, 663, 675, 700, 701, 859, 899, 931, 935, 970]\n",
      "[51, 76, 169, 197, 210, 246, 258, 264, 422, 433, 458, 475, 557, 639, 656, 758, 828, 833, 855, 998]\n",
      "[65, 141, 152, 186, 230, 238, 296, 338, 452, 467, 560, 562, 719, 791, 821, 875, 877, 887, 890, 899]\n",
      "[6, 30, 44, 46, 135, 147, 166, 168, 216, 227, 401, 552, 655, 663, 709, 735, 737, 853, 928, 978]\n",
      "[4, 22, 35, 45, 47, 91, 141, 223, 297, 362, 391, 636, 663, 720, 749, 892, 905, 915, 936, 937]\n",
      "[129, 236, 340, 439, 480, 491, 555, 556, 579, 586, 619, 647, 739, 802, 826, 857, 891, 904, 955, 962]\n",
      "[109, 131, 133, 205, 247, 322, 342, 342, 364, 463, 484, 538, 547, 563, 662, 711, 788, 928, 963, 993]\n",
      "[34, 35, 119, 125, 165, 231, 279, 330, 417, 494, 512, 549, 615, 633, 655, 707, 754, 790, 930, 984]\n",
      "[102, 194, 217, 219, 300, 330, 435, 528, 579, 579, 585, 596, 637, 745, 789, 845, 863, 879, 921, 951]\n",
      "[15, 58, 76, 347, 355, 366, 480, 542, 555, 579, 595, 610, 666, 676, 721, 777, 799, 852, 889, 919]\n",
      "[3, 17, 68, 109, 116, 118, 199, 239, 297, 335, 440, 689, 730, 739, 769, 830, 835, 887, 904, 906]\n",
      "[29, 85, 117, 137, 167, 172, 181, 433, 551, 626, 657, 756, 796, 802, 837, 841, 873, 922, 947, 988]\n",
      "[24, 108, 130, 141, 239, 292, 320, 335, 503, 592, 624, 645, 747, 787, 842, 874, 891, 920, 986, 993]\n",
      "[29, 113, 217, 277, 385, 396, 479, 519, 589, 621, 674, 719, 738, 765, 777, 791, 861, 917, 979, 994]\n",
      "[70, 78, 116, 121, 218, 459, 466, 477, 548, 557, 601, 635, 729, 828, 883, 910, 912, 935, 944, 998]\n",
      "[16, 36, 65, 85, 98, 155, 176, 231, 339, 388, 414, 445, 532, 534, 762, 779, 815, 815, 938, 943]\n",
      "[9, 31, 193, 216, 232, 245, 266, 337, 354, 359, 394, 429, 514, 564, 585, 639, 711, 724, 796, 806]\n",
      "[43, 136, 202, 365, 461, 516, 525, 532, 662, 759, 773, 774, 838, 852, 867, 886, 889, 900, 920, 956]\n",
      "[21, 58, 209, 268, 282, 413, 542, 604, 606, 630, 677, 692, 750, 779, 780, 826, 839, 915, 946, 999]\n",
      "[104, 171, 185, 223, 238, 274, 320, 341, 344, 464, 519, 575, 598, 670, 684, 816, 827, 850, 911, 975]\n",
      "\n",
      "0.0009984970092773438 секунд\n",
      "\n",
      "sort_bubble:\n",
      "[82, 117, 192, 214, 223, 319, 444, 487, 549, 579, 610, 663, 675, 700, 701, 859, 899, 931, 935, 970]\n",
      "[51, 76, 169, 197, 210, 246, 258, 264, 422, 433, 458, 475, 557, 639, 656, 758, 828, 833, 855, 998]\n",
      "[65, 141, 152, 186, 230, 238, 296, 338, 452, 467, 560, 562, 719, 791, 821, 875, 877, 887, 890, 899]\n",
      "[6, 30, 44, 46, 135, 147, 166, 168, 216, 227, 401, 552, 655, 663, 709, 735, 737, 853, 928, 978]\n",
      "[4, 22, 35, 45, 47, 91, 141, 223, 297, 362, 391, 636, 663, 720, 749, 892, 905, 915, 936, 937]\n",
      "[129, 236, 340, 439, 480, 491, 555, 556, 579, 586, 619, 647, 739, 802, 826, 857, 891, 904, 955, 962]\n",
      "[109, 131, 133, 205, 247, 322, 342, 342, 364, 463, 484, 538, 547, 563, 662, 711, 788, 928, 963, 993]\n",
      "[34, 35, 119, 125, 165, 231, 279, 330, 417, 494, 512, 549, 615, 633, 655, 707, 754, 790, 930, 984]\n",
      "[102, 194, 217, 219, 300, 330, 435, 528, 579, 579, 585, 596, 637, 745, 789, 845, 863, 879, 921, 951]\n",
      "[15, 58, 76, 347, 355, 366, 480, 542, 555, 579, 595, 610, 666, 676, 721, 777, 799, 852, 889, 919]\n",
      "[3, 17, 68, 109, 116, 118, 199, 239, 297, 335, 440, 689, 730, 739, 769, 830, 835, 887, 904, 906]\n",
      "[29, 85, 117, 137, 167, 172, 181, 433, 551, 626, 657, 756, 796, 802, 837, 841, 873, 922, 947, 988]\n",
      "[24, 108, 130, 141, 239, 292, 320, 335, 503, 592, 624, 645, 747, 787, 842, 874, 891, 920, 986, 993]\n",
      "[29, 113, 217, 277, 385, 396, 479, 519, 589, 621, 674, 719, 738, 765, 777, 791, 861, 917, 979, 994]\n",
      "[70, 78, 116, 121, 218, 459, 466, 477, 548, 557, 601, 635, 729, 828, 883, 910, 912, 935, 944, 998]\n",
      "[16, 36, 65, 85, 98, 155, 176, 231, 339, 388, 414, 445, 532, 534, 762, 779, 815, 815, 938, 943]\n",
      "[9, 31, 193, 216, 232, 245, 266, 337, 354, 359, 394, 429, 514, 564, 585, 639, 711, 724, 796, 806]\n",
      "[43, 136, 202, 365, 461, 516, 525, 532, 662, 759, 773, 774, 838, 852, 867, 886, 889, 900, 920, 956]\n",
      "[21, 58, 209, 268, 282, 413, 542, 604, 606, 630, 677, 692, 750, 779, 780, 826, 839, 915, 946, 999]\n",
      "[104, 171, 185, 223, 238, 274, 320, 341, 344, 464, 519, 575, 598, 670, 684, 816, 827, 850, 911, 975]\n",
      "\n",
      "0.0009963512420654297 секунд\n",
      "\n",
      "sort_Shella:\n",
      "[82, 117, 192, 214, 223, 319, 444, 487, 549, 579, 610, 663, 675, 700, 701, 859, 899, 931, 935, 970]\n",
      "[51, 76, 169, 197, 210, 246, 258, 264, 422, 433, 458, 475, 557, 639, 656, 758, 828, 833, 855, 998]\n",
      "[65, 141, 152, 186, 230, 238, 296, 338, 452, 467, 560, 562, 719, 791, 821, 875, 877, 887, 890, 899]\n",
      "[6, 30, 44, 46, 135, 147, 166, 168, 216, 227, 401, 552, 655, 663, 709, 735, 737, 853, 928, 978]\n",
      "[4, 22, 35, 45, 47, 91, 141, 223, 297, 362, 391, 636, 663, 720, 749, 892, 905, 915, 936, 937]\n",
      "[129, 236, 340, 439, 480, 491, 555, 556, 579, 586, 619, 647, 739, 802, 826, 857, 891, 904, 955, 962]\n",
      "[109, 131, 133, 205, 247, 322, 342, 342, 364, 463, 484, 538, 547, 563, 662, 711, 788, 928, 963, 993]\n",
      "[34, 35, 119, 125, 165, 231, 279, 330, 417, 494, 512, 549, 615, 633, 655, 707, 754, 790, 930, 984]\n",
      "[102, 194, 217, 219, 300, 330, 435, 528, 579, 579, 585, 596, 637, 745, 789, 845, 863, 879, 921, 951]\n",
      "[15, 58, 76, 347, 355, 366, 480, 542, 555, 579, 595, 610, 666, 676, 721, 777, 799, 852, 889, 919]\n",
      "[3, 17, 68, 109, 116, 118, 199, 239, 297, 335, 440, 689, 730, 739, 769, 830, 835, 887, 904, 906]\n",
      "[29, 85, 117, 137, 167, 172, 181, 433, 551, 626, 657, 756, 796, 802, 837, 841, 873, 922, 947, 988]\n",
      "[24, 108, 130, 141, 239, 292, 320, 335, 503, 592, 624, 645, 747, 787, 842, 874, 891, 920, 986, 993]\n",
      "[29, 113, 217, 277, 385, 396, 479, 519, 589, 621, 674, 719, 738, 765, 777, 791, 861, 917, 979, 994]\n",
      "[70, 78, 116, 121, 218, 459, 466, 477, 548, 557, 601, 635, 729, 828, 883, 910, 912, 935, 944, 998]\n",
      "[16, 36, 65, 85, 98, 155, 176, 231, 339, 388, 414, 445, 532, 534, 762, 779, 815, 815, 938, 943]\n",
      "[9, 31, 193, 216, 232, 245, 266, 337, 354, 359, 394, 429, 514, 564, 585, 639, 711, 724, 796, 806]\n",
      "[43, 136, 202, 365, 461, 516, 525, 532, 662, 759, 773, 774, 838, 852, 867, 886, 889, 900, 920, 956]\n",
      "[21, 58, 209, 268, 282, 413, 542, 604, 606, 630, 677, 692, 750, 779, 780, 826, 839, 915, 946, 999]\n",
      "[104, 171, 185, 223, 238, 274, 320, 341, 344, 464, 519, 575, 598, 670, 684, 816, 827, 850, 911, 975]\n",
      "\n",
      "0.001013040542602539 секунд\n",
      "\n",
      "sort_turnir:\n",
      "[82, 117, 192, 214, 223, 319, 444, 487, 549, 579, 610, 663, 675, 700, 701, 859, 899, 931, 935, 970]\n",
      "[51, 76, 169, 197, 210, 246, 258, 264, 422, 433, 458, 475, 557, 639, 656, 758, 828, 833, 855, 998]\n",
      "[65, 141, 152, 186, 230, 238, 296, 338, 452, 467, 560, 562, 719, 791, 821, 875, 877, 887, 890, 899]\n",
      "[6, 30, 44, 46, 135, 147, 166, 168, 216, 227, 401, 552, 655, 663, 709, 735, 737, 853, 928, 978]\n",
      "[4, 22, 35, 45, 47, 91, 141, 223, 297, 362, 391, 636, 663, 720, 749, 892, 905, 915, 936, 937]\n",
      "[129, 236, 340, 439, 480, 491, 555, 556, 579, 586, 619, 647, 739, 802, 826, 857, 891, 904, 955, 962]\n",
      "[109, 131, 133, 205, 247, 322, 342, 342, 364, 463, 484, 538, 547, 563, 662, 711, 788, 928, 963, 993]\n",
      "[34, 35, 119, 125, 165, 231, 279, 330, 417, 494, 512, 549, 615, 633, 655, 707, 754, 790, 930, 984]\n",
      "[102, 194, 217, 219, 300, 330, 435, 528, 579, 579, 585, 596, 637, 745, 789, 845, 863, 879, 921, 951]\n",
      "[15, 58, 76, 347, 355, 366, 480, 542, 555, 579, 595, 610, 666, 676, 721, 777, 799, 852, 889, 919]\n",
      "[3, 17, 68, 109, 116, 118, 199, 239, 297, 335, 440, 689, 730, 739, 769, 830, 835, 887, 904, 906]\n",
      "[29, 85, 117, 137, 167, 172, 181, 433, 551, 626, 657, 756, 796, 802, 837, 841, 873, 922, 947, 988]\n",
      "[24, 108, 130, 141, 239, 292, 320, 335, 503, 592, 624, 645, 747, 787, 842, 874, 891, 920, 986, 993]\n",
      "[29, 113, 217, 277, 385, 396, 479, 519, 589, 621, 674, 719, 738, 765, 777, 791, 861, 917, 979, 994]\n",
      "[70, 78, 116, 121, 218, 459, 466, 477, 548, 557, 601, 635, 729, 828, 883, 910, 912, 935, 944, 998]\n",
      "[16, 36, 65, 85, 98, 155, 176, 231, 339, 388, 414, 445, 532, 534, 762, 779, 815, 815, 938, 943]\n",
      "[9, 31, 193, 216, 232, 245, 266, 337, 354, 359, 394, 429, 514, 564, 585, 639, 711, 724, 796, 806]\n",
      "[43, 136, 202, 365, 461, 516, 525, 532, 662, 759, 773, 774, 838, 852, 867, 886, 889, 900, 920, 956]\n",
      "[21, 58, 209, 268, 282, 413, 542, 604, 606, 630, 677, 692, 750, 779, 780, 826, 839, 915, 946, 999]\n",
      "[104, 171, 185, 223, 238, 274, 320, 341, 344, 464, 519, 575, 598, 670, 684, 816, 827, 850, 911, 975]\n",
      " \n",
      "0.002008199691772461 секунд\n",
      "\n",
      " \n",
      "sort_fast: \n",
      "[82, 117, 192, 214, 223, 319, 444, 487, 549, 579, 610, 663, 675, 700, 701, 859, 899, 931, 935, 970]\n",
      "[51, 76, 169, 197, 210, 246, 258, 264, 422, 433, 458, 475, 557, 639, 656, 758, 828, 833, 855, 998]\n",
      "[65, 141, 152, 186, 230, 238, 296, 338, 452, 467, 560, 562, 719, 791, 821, 875, 877, 887, 890, 899]\n",
      "[6, 30, 44, 46, 135, 147, 166, 168, 216, 227, 401, 552, 655, 663, 709, 735, 737, 853, 928, 978]\n",
      "[4, 22, 35, 45, 47, 91, 141, 223, 297, 362, 391, 636, 663, 720, 749, 892, 905, 915, 936, 937]\n",
      "[129, 236, 340, 439, 480, 491, 555, 556, 579, 586, 619, 647, 739, 802, 826, 857, 891, 904, 955, 962]\n",
      "[109, 131, 133, 205, 247, 322, 342, 342, 364, 463, 484, 538, 547, 563, 662, 711, 788, 928, 963, 993]\n",
      "[34, 35, 119, 125, 165, 231, 279, 330, 417, 494, 512, 549, 615, 633, 655, 707, 754, 790, 930, 984]\n",
      "[102, 194, 217, 219, 300, 330, 435, 528, 579, 579, 585, 596, 637, 745, 789, 845, 863, 879, 921, 951]\n",
      "[15, 58, 76, 347, 355, 366, 480, 542, 555, 579, 595, 610, 666, 676, 721, 777, 799, 852, 889, 919]\n",
      "[3, 17, 68, 109, 116, 118, 199, 239, 297, 335, 440, 689, 730, 739, 769, 830, 835, 887, 904, 906]\n",
      "[29, 85, 117, 137, 167, 172, 181, 433, 551, 626, 657, 756, 796, 802, 837, 841, 873, 922, 947, 988]\n",
      "[24, 108, 130, 141, 239, 292, 320, 335, 503, 592, 624, 645, 747, 787, 842, 874, 891, 920, 986, 993]\n",
      "[29, 113, 217, 277, 385, 396, 479, 519, 589, 621, 674, 719, 738, 765, 777, 791, 861, 917, 979, 994]\n",
      "[70, 78, 116, 121, 218, 459, 466, 477, 548, 557, 601, 635, 729, 828, 883, 910, 912, 935, 944, 998]\n",
      "[16, 36, 65, 85, 98, 155, 176, 231, 339, 388, 414, 445, 532, 534, 762, 779, 815, 815, 938, 943]\n",
      "[9, 31, 193, 216, 232, 245, 266, 337, 354, 359, 394, 429, 514, 564, 585, 639, 711, 724, 796, 806]\n",
      "[43, 136, 202, 365, 461, 516, 525, 532, 662, 759, 773, 774, 838, 852, 867, 886, 889, 900, 920, 956]\n",
      "[21, 58, 209, 268, 282, 413, 542, 604, 606, 630, 677, 692, 750, 779, 780, 826, 839, 915, 946, 999]\n",
      "[104, 171, 185, 223, 238, 274, 320, 341, 344, 464, 519, 575, 598, 670, 684, 816, 827, 850, 911, 975]\n",
      " \n",
      "0.0019800662994384766 секунд\n",
      "\n",
      " \n",
      "sort_pyramid:\n",
      "[82, 117, 192, 214, 223, 319, 444, 487, 549, 579, 610, 663, 675, 700, 701, 859, 899, 931, 935, 970]\n",
      "[51, 76, 169, 197, 210, 246, 258, 264, 422, 433, 458, 475, 557, 639, 656, 758, 828, 833, 855, 998]\n",
      "[65, 141, 152, 186, 230, 238, 296, 338, 452, 467, 560, 562, 719, 791, 821, 875, 877, 887, 890, 899]\n",
      "[6, 30, 44, 46, 135, 147, 166, 168, 216, 227, 401, 552, 655, 663, 709, 735, 737, 853, 928, 978]\n",
      "[4, 22, 35, 45, 47, 91, 141, 223, 297, 362, 391, 636, 663, 720, 749, 892, 905, 915, 936, 937]\n",
      "[129, 236, 340, 439, 480, 491, 555, 556, 579, 586, 619, 647, 739, 802, 826, 857, 891, 904, 955, 962]\n",
      "[109, 131, 133, 205, 247, 322, 342, 342, 364, 463, 484, 538, 547, 563, 662, 711, 788, 928, 963, 993]\n",
      "[34, 35, 119, 125, 165, 231, 279, 330, 417, 494, 512, 549, 615, 633, 655, 707, 754, 790, 930, 984]\n",
      "[102, 194, 217, 219, 300, 330, 435, 528, 579, 579, 585, 596, 637, 745, 789, 845, 863, 879, 921, 951]\n",
      "[15, 58, 76, 347, 355, 366, 480, 542, 555, 579, 595, 610, 666, 676, 721, 777, 799, 852, 889, 919]\n",
      "[3, 17, 68, 109, 116, 118, 199, 239, 297, 335, 440, 689, 730, 739, 769, 830, 835, 887, 904, 906]\n",
      "[29, 85, 117, 137, 167, 172, 181, 433, 551, 626, 657, 756, 796, 802, 837, 841, 873, 922, 947, 988]\n",
      "[24, 108, 130, 141, 239, 292, 320, 335, 503, 592, 624, 645, 747, 787, 842, 874, 891, 920, 986, 993]\n",
      "[29, 113, 217, 277, 385, 396, 479, 519, 589, 621, 674, 719, 738, 765, 777, 791, 861, 917, 979, 994]\n",
      "[70, 78, 116, 121, 218, 459, 466, 477, 548, 557, 601, 635, 729, 828, 883, 910, 912, 935, 944, 998]\n",
      "[16, 36, 65, 85, 98, 155, 176, 231, 339, 388, 414, 445, 532, 534, 762, 779, 815, 815, 938, 943]\n",
      "[9, 31, 193, 216, 232, 245, 266, 337, 354, 359, 394, 429, 514, 564, 585, 639, 711, 724, 796, 806]\n",
      "[43, 136, 202, 365, 461, 516, 525, 532, 662, 759, 773, 774, 838, 852, 867, 886, 889, 900, 920, 956]\n",
      "[21, 58, 209, 268, 282, 413, 542, 604, 606, 630, 677, 692, 750, 779, 780, 826, 839, 915, 946, 999]\n",
      "[104, 171, 185, 223, 238, 274, 320, 341, 344, 464, 519, 575, 598, 670, 684, 816, 827, 850, 911, 975]\n",
      "0.0019965171813964844 секунд\n",
      " \n",
      "[82, 117, 192, 214, 223, 319, 444, 487, 549, 579, 610, 663, 675, 700, 701, 859, 899, 931, 935, 970]\n",
      "[51, 76, 169, 197, 210, 246, 258, 264, 422, 433, 458, 475, 557, 639, 656, 758, 828, 833, 855, 998]\n",
      "[65, 141, 152, 186, 230, 238, 296, 338, 452, 467, 560, 562, 719, 791, 821, 875, 877, 887, 890, 899]\n",
      "[6, 30, 44, 46, 135, 147, 166, 168, 216, 227, 401, 552, 655, 663, 709, 735, 737, 853, 928, 978]\n",
      "[4, 22, 35, 45, 47, 91, 141, 223, 297, 362, 391, 636, 663, 720, 749, 892, 905, 915, 936, 937]\n",
      "[129, 236, 340, 439, 480, 491, 555, 556, 579, 586, 619, 647, 739, 802, 826, 857, 891, 904, 955, 962]\n",
      "[109, 131, 133, 205, 247, 322, 342, 342, 364, 463, 484, 538, 547, 563, 662, 711, 788, 928, 963, 993]\n",
      "[34, 35, 119, 125, 165, 231, 279, 330, 417, 494, 512, 549, 615, 633, 655, 707, 754, 790, 930, 984]\n",
      "[102, 194, 217, 219, 300, 330, 435, 528, 579, 579, 585, 596, 637, 745, 789, 845, 863, 879, 921, 951]\n",
      "[15, 58, 76, 347, 355, 366, 480, 542, 555, 579, 595, 610, 666, 676, 721, 777, 799, 852, 889, 919]\n",
      "[3, 17, 68, 109, 116, 118, 199, 239, 297, 335, 440, 689, 730, 739, 769, 830, 835, 887, 904, 906]\n",
      "[29, 85, 117, 137, 167, 172, 181, 433, 551, 626, 657, 756, 796, 802, 837, 841, 873, 922, 947, 988]\n",
      "[24, 108, 130, 141, 239, 292, 320, 335, 503, 592, 624, 645, 747, 787, 842, 874, 891, 920, 986, 993]\n",
      "[29, 113, 217, 277, 385, 396, 479, 519, 589, 621, 674, 719, 738, 765, 777, 791, 861, 917, 979, 994]\n",
      "[70, 78, 116, 121, 218, 459, 466, 477, 548, 557, 601, 635, 729, 828, 883, 910, 912, 935, 944, 998]\n",
      "[16, 36, 65, 85, 98, 155, 176, 231, 339, 388, 414, 445, 532, 534, 762, 779, 815, 815, 938, 943]\n",
      "[9, 31, 193, 216, 232, 245, 266, 337, 354, 359, 394, 429, 514, 564, 585, 639, 711, 724, 796, 806]\n",
      "[43, 136, 202, 365, 461, 516, 525, 532, 662, 759, 773, 774, 838, 852, 867, 886, 889, 900, 920, 956]\n",
      "[21, 58, 209, 268, 282, 413, 542, 604, 606, 630, 677, 692, 750, 779, 780, 826, 839, 915, 946, 999]\n",
      "[104, 171, 185, 223, 238, 274, 320, 341, 344, 464, 519, 575, 598, 670, 684, 816, 827, 850, 911, 975]\n",
      "0.0009949207305908203 секунд\n"
     ]
    }
   ],
   "source": [
    "###Задание №3\n",
    "import time\n",
    "import math\n",
    "import random\n",
    "\n",
    "m = input('m = ')\n",
    "n = input('n = ')\n",
    "m = int(m)\n",
    "n = int(n)\n",
    "if m <= 0:\n",
    "    m = 50\n",
    "if n <= 0:\n",
    "    n = 50\n",
    "\n",
    "min_limit = input('min_limit = ')\n",
    "max_limit = input('max_limit = ')\n",
    "min_limit = int(min_limit)\n",
    "max_limit = int(max_limit)\n",
    "if min_limit == 0:\n",
    "    min_limit = -250\n",
    "if max_limit == 0:\n",
    "    max_limit = 1000+15\n",
    "if min_limit > max_limit:\n",
    "    min_limit = -250\n",
    "    max_limit = 1000 + 6\n",
    "\n",
    "Matrix = [[random.randint(min_limit, max_limit) for j in range(n)] for i in range(m)]\n",
    "print('Matrix:')\n",
    "a=b=c=d=e=f=g=Matrix\n",
    "for i in range(m):\n",
    "    print(Matrix[i])\n",
    "    \n",
    "# Сортировка выбором\n",
    "def selection_sort(array):\n",
    "    for i in range(len(array)):\n",
    "        low_index = i\n",
    "        for j in range(i + 1, len(array)):\n",
    "            if array[j] < array[low_index]:\n",
    "                low_index = j\n",
    "        array[i], array[low_index] = array[low_index], array[i]\n",
    "        \n",
    "start_time = time.time()        \n",
    "print('')\n",
    "print('sort_viborom')\n",
    "for i in range(m):\n",
    "    selection_sort(a[i])\n",
    "    print(a[i])\n",
    "print('')\n",
    "print(f\"{(time.time() - start_time)} секунд\")    \n",
    "print('')\n",
    "\n",
    "# Сортировка вставкой\n",
    "def insertion_Sort(array):\n",
    "    for i in range(1, len(array)):\n",
    "        key = array[i]\n",
    "        j = i-1\n",
    "        while array[j] > key and j >= 0:\n",
    "            array[j+1] = array[j]\n",
    "            j -= 1\n",
    "        array[j+1] = key\n",
    "    return array \n",
    "\n",
    "start_time = time.time()\n",
    "print('sort_vstavkoy:')\n",
    "for i in range(m):\n",
    "    insertionSort(b[i])\n",
    "    print(b[i])\n",
    "print('')\n",
    "print(f\"{(time.time() - start_time)} секунд\")    \n",
    "print('')\n",
    "\n",
    "# Сортировка пузырьком\n",
    "def bubble_Sort(array):\n",
    "    swapped = False\n",
    "    for i in range(len(array)-1,0,-1):\n",
    "        for j in range(i):\n",
    "            if array[j]>array[j+1]:\n",
    "                array[j], array[j+1] = array[j+1], array[j]\n",
    "                swapped= True\n",
    "        if swapped:\n",
    "            swapped=False\n",
    "        else:\n",
    "            break\n",
    "    return array\n",
    "start_time = time.time()\n",
    "print('sort_bubble:')\n",
    "for i in range(m):\n",
    "    bubble_Sort(c[i])\n",
    "    print(c[i])\n",
    "print('')\n",
    "print(f\"{(time.time() - start_time)} секунд\")    \n",
    "print('')\n",
    "\n",
    "# Сортировка Шелла\n",
    "def shell_Sort(array):\n",
    "    n = len(array)\n",
    "    k = int(math.log2(n))\n",
    "    interval = 2**k -1\n",
    "    while interval > 0:\n",
    "        for i in range(interval, n):\n",
    "            temp = array[i]\n",
    "            j = i\n",
    "            while j >= interval and array[j - interval] > temp:\n",
    "                array[j] = array[j - interval]\n",
    "                j -= interval\n",
    "            array[j] = temp\n",
    "        k -= 1\n",
    "        interval = 2**k -1\n",
    "    return array\n",
    "start_time = time.time()\n",
    "print('sort_Shella:')\n",
    "for i in range(m):\n",
    "    shell_Sort(d[i])\n",
    "    print(d[i])\n",
    "print('')\n",
    "print(f\"{(time.time() - start_time)} секунд\")    \n",
    "print('')\n",
    "\n",
    "# Турнирная сортировка\n",
    "def merge_Sort(nums):\n",
    "    if len(nums)==1:\n",
    "        return nums\n",
    "    mid = (len(nums)-1) // 2\n",
    "    lst1 = merge_Sort(nums[:mid+1])\n",
    "    lst2 = merge_Sort(nums[mid+1:])\n",
    "    result = merge(lst1, lst2)\n",
    "    return result\n",
    "def merge(lst1, lst2):\n",
    "    lst = []\n",
    "    i = 0\n",
    "    j = 0\n",
    "    while(i<=len(lst1)-1 and j<=len(lst2)-1):\n",
    "        if lst1[i]<lst2[j]:\n",
    "            lst.append(lst1[i])\n",
    "            i+=1\n",
    "        else:\n",
    "            lst.append(lst2[j])\n",
    "            j+=1\n",
    "    if i>len(lst1)-1:\n",
    "        while(j<=len(lst2)-1):\n",
    "            lst.append(lst2[j])\n",
    "            j+=1\n",
    "    else:\n",
    "        while(i<=len(lst1)-1):\n",
    "            lst.append(lst1[i])\n",
    "            i+=1\n",
    "    return lst\n",
    "start_time = time.time()\n",
    "print('sort_turnir:')\n",
    "for i in range(m):\n",
    "    merge_Sort(e[i])\n",
    "    print(e[i])\n",
    "print(' ')\n",
    "print(f\"{(time.time() - start_time)} секунд\")    \n",
    "print('')\n",
    "\n",
    "# Быстрая сортировка\n",
    "def quick_Sort(Matrix):\n",
    "    array = Matrix.copy()\n",
    "    if len(array) < 2:\n",
    "        return array\n",
    "    low = []\n",
    "    same = []\n",
    "    high = []\n",
    "    ignat = array[random.randint(0, len(array) - 1)]\n",
    "    for item in array:\n",
    "        if item < ignat:\n",
    "            low.append(item)\n",
    "        elif item == ignat:\n",
    "            same.append(item)\n",
    "        elif item > ignat:\n",
    "            high.append(item)\n",
    "    return quick_Sort(low) + same + quick_Sort(high)\n",
    "    \n",
    "start_time = time.time()\n",
    "print(' ')\n",
    "print('sort_fast: ')\n",
    "for i in range(m):\n",
    "    print(quick_Sort(Matrix[i]))\n",
    "print(' ')\n",
    "print(f\"{(time.time() - start_time)} секунд\")\n",
    "print('')\n",
    "\n",
    "# Пирамидная сортировка\n",
    "def heapify_Sort(array, n, i):\n",
    "    largest = i\n",
    "    l = 2 * i + 1\n",
    "    r = 2 * i + 2\n",
    "\n",
    "    if l < n and array[i] < array[l]:\n",
    "        largest = l\n",
    "    if r < n and array[largest] < array[r]:\n",
    "        largest = r\n",
    "\n",
    "    if largest != i:\n",
    "        array[i], array[largest] = array[largest], array[i]\n",
    "        heapify_Sort(array, n, largest)\n",
    "def heapSort(array):\n",
    "    n = len(array)\n",
    "    for i in range(n // 2, -1, -1):\n",
    "        heapify_Sort(array, n, i)\n",
    "    for i in range(n - 1, 0, -1):\n",
    "        array[i], array[0] = array[0], array[i]\n",
    "        heapify_Sort(array, i, 0)\n",
    "    return array\n",
    "\n",
    "start_time = time.time()\n",
    "print(' ')\n",
    "print('sort_pyramid:')\n",
    "for i in range(m):\n",
    "    heapSort(g[i])\n",
    "    print(g[i])\n",
    "print(f\"{(time.time() - start_time)} секунд\")\n",
    "print(' ')\n",
    "\n",
    "start_time = time.time()\n",
    "for i in range(m):\n",
    "    sorted(f[i])\n",
    "    print(f[i])\n",
    "print(f\"{(time.time() - start_time)} секунд\")"
   ]
  },
  {
   "cell_type": "markdown",
   "id": "480de6b9",
   "metadata": {},
   "source": [
    "#### "
   ]
  },
  {
   "cell_type": "markdown",
   "id": "87edad26",
   "metadata": {},
   "source": [
    "# "
   ]
  }
 ],
 "metadata": {
  "kernelspec": {
   "display_name": "Python 3",
   "language": "python",
   "name": "python3"
  },
  "language_info": {
   "codemirror_mode": {
    "name": "ipython",
    "version": 3
   },
   "file_extension": ".py",
   "mimetype": "text/x-python",
   "name": "python",
   "nbconvert_exporter": "python",
   "pygments_lexer": "ipython3",
   "version": "3.8.8"
  }
 },
 "nbformat": 4,
 "nbformat_minor": 5
}
